10455
10456
10459
10463
10467
10473
10474
10501
10502
10504
10505
10506
10507
10509
10510
10511
10512
10514
10516
10518
10519
10520
10522
10523
10524
10526
10528
10530
10532
10533
10535
10536
10538
10540
10541
10543
10546
10547
10548
10549
10550
10552
10553
10560
10562
10566
10567
10570
10573
10576
10577
10579
10580
10583
10588
10589
10590
10591
10594
10595
10596
10597
10598
10601
10603
10604
10605
10606
10607
10701
10703
10704
10705
10706
10707
10708
10709
10710
10801
10802
10803
10804
10805
10901
10911
10912
10913
10914
10916
10917
10918
10919
10920
10921
10922
10923
10924
10925
10926
10927
10928
10930
10931
10940
10941
10950
10952
10953
10954
10956
10960
10962
10963
10964
10965
10968
10969
10970
10973
10974
10976
10977
10980
10981
10982
10983
10984
10986
10987
10988
10989
10990
10992
10993
10994
10998
11001
11002
11003
11010
11020
11021
11023
11024
11030
11040
11042
11050
11096
11101
11158
11422
11501
11507
11509
11510
11514
11516
11518
11520
11530
11542
11545
11548
11549
11550
11552
11553
11554
11557
11558
11559
11560
11561
11563
11565
11566
11568
11569
11570
11572
11575
11576
11577
11579
11580
11581
11582
11590
11596
11598
11709
11710
11714
11724
11732
11735
11747
11753
11756
11758
11762
11765
11771
11783
11791
11793
11797
11801
11803
11804
12008
12009
12010
12015
12018
12019
12020
12022
12023
12025
12027
12029
12031
12032
12033
12035
12037
12040
12043
12045
12047
12050
12051
12052
12053
12054
12056
12058
12059
12060
12061
12065
12066
12067
12068
12070
12071
12072
12074
12075
12076
12077
12078
12080
12082
12083
12084
12085
12086
12089
12090
12092
12093
12095
12106
12108
12110
12117
12118
12122
12123
12125
12130
12134
12136
12137
12139
12140
12143
12144
12147
12148
12149
12150
12151
12153
12154
12155
12157
12158
12159
12161
12164
12165
12166
12167
12170
12173
12174
12177
12180
12182
12183
12184
12185
12186
12188
12189
12190
12192
12195
12196
12197
12198
12202
12203
12204
12205
12206
12207
12208
12209
12210
12211
12212
12224
12302
12303
12304
12305
12306
12307
12308
12309
12345
12401
12404
12406
12410
12413
12414
12417
12418
12420
12423
12424
12427
12428
12429
12430
12431
12432
12435
12439
12440
12442
12443
12446
12449
12450
12451
12455
12456
12457
12458
12460
12461
12463
12464
12465
12466
12468
12470
12472
12473
12474
12477
12480
12481
12482
12484
12485
12486
12487
12491
12493
12494
12496
12498
12501
12502
12503
12508
12513
12516
12517
12518
12520
12521
12522
12523
12524
12525
12526
12528
12529
12531
12533
12534
12538
12540
12541
12542
12543
12545
12546
12547
12548
12549
12550
12552
12553
12561
12563
12564
12565
12566
12567
12568
12569
12570
12571
12572
12575
12577
12581
12582
12583
12584
12585
12586
12588
12589
12590
12592
12594
12601
12603
12604
12701
12719
12720
12721
12722
12723
12724
12725
12726
12729
12732
12733
12734
12737
12740
12743
12746
12747
12748
12749
12750
12751
12752
12754
12758
12759
12760
12762
12763
12764
12765
12766
12768
12770
12771
12775
12776
12777
12779
12783
12784
12785
12786
12788
12789
12790
12792
12801
12803
12804
12809
12812
12814
12815
12816
12817
12821
12822
12824
12827
12828
12831
12832
12833
12834
12835
12838
12839
12842
12844
12845
12846
12847
12850
12851
12852
12853
12855
12856
12857
12858
12859
12860
12861
12864
12865
12866
12870
12871
12874
12878
12883
12885
12887
12901
12903
12910
12911
12912
12913
12916
12917
12919
12920
12921
12924
12928
12929
12932
12935
12936
12937
12942
12943
12944
12945
12946
12950
12952
12953
12955
12956
12957
12958
12959
12962
12966
12967
12969
12972
12974
12979
12980
12981
12983
12986
12992
12993
12996
12997
13020
13021
13026
13027
13028
13029
13030
13031
13032
13033
13035
13036
13037
13039
13040
13041
13042
13044
13045
13052
13053
13054
13057
13060
13061
13063
13064
13066
13068
13069
13071
13073
13074
13076
13077
13078
13080
13081
13082
13084
13088
13090
13092
13093
13101
13104
13108
13110
13111
13112
13113
13114
13115
13116
13117
13118
13119
13120
13121
13126
13131
13132
13135
13136
13138
13140
13141
13142
13143
13145
13147
13148
13152
13153
13155
13156
13157
13158
13159
13160
13163
13164
13165
13166
13167
13202
13203
13204
13205
13206
13207
13208
13209
13210
13211
13212
13214
13215
13219
13224
13244
13290
13301
13302
13303
13304
13305
13308
13309
13310
13312
13313
13314
13316
13317
13318
13319
13320
13321
13322
13323
13324
13325
13326
13327
13328
13329
13331
13332
13334
13335
13337
13338
13339
13340
13342
13343
13345
13346
13350
13354
13355
13356
13357
13360
13363
13364
13365
13367
13368
13401
13402
13403
13407
13408
13409
13411
13413
13414
13416
13417
13418
13420
13421
13424
13425
13426
13428
13431
13433
13435
13436
13437
13438
13439
13440
13441
13450
13452
13456
13459
13460
13461
13469
13471
13472
13473
13476
13478
13479
13480
13484
13485
13486
13489
13490
13491
13492
13493
13494
13495
13501
13502
13601
13605
13606
13607
13608
13609
13611
13612
13613
13614
13615
13616
13617
13618
13619
13620
13621
13622
13624
13625
13626
13630
13632
13634
13635
13637
13640
13641
13642
13643
13646
13648
13650
13651
13652
13654
13655
13656
13658
13660
13661
13662
13664
13665
13667
13668
13669
13672
13673
13674
13676
13679
13684
13685
13687
13690
13691
13693
13694
13695
13697
13699
13730
13731
13732
13733
13736
13740
13743
13746
13748
13750
13752
13753
13754
13755
13757
13760
13775
13777
13778
13780
13782
13783
13787
13788
13790
13795
13796
13797
13801
13802
13803
13804
13807
13808
13809
13811
13812
13813
13814
13815
13820
13825
13827
13830
13833
13835
13838
13839
13841
13842
13845
13847
13849
13850
13856
13862
13865
13901
13902
13903
13904
13905
14001
14003
14005
14008
14009
14011
14012
14020
14024
14028
14036
14037
14040
14042
14048
14056
14058
14062
14063
14065
14066
14067
14070
14081
14082
14092
14094
14095
14098
14101
14103
14105
14108
14109
14120
14125
14126
14127
14129
14131
14132
14135
14136
14138
14143
14144
14145
14167
14171
14172
14173
14174
14301
14303
14304
14305
14411
14414
14416
14418
14420
14422
14423
14424
14425
14427
14428
14429
14432
14433
14435
14437
14441
14443
14445
14450
14454
14456
14461
14463
14464
14466
14467
14468
14469
14470
14471
14472
14476
14477
14478
14479
14480
14481
14482
14485
14487
14489
14502
14504
14505
14506
14507
14510
14511
14512
14513
14514
14516
14517
14519
14520
14521
14522
14525
14526
14527
14530
14532
14533
14534
14539
14541
14543
14544
14545
14546
14548
14550
14551
14555
14559
14560
14561
14564
14568
14569
14571
14572
14580
14586
14589
14590
14591
14604
14605
14606
14607
14608
14609
14610
14611
14612
14613
14614
14615
14616
14617
14618
14619
14620
14621
14622
14623
14624
14625
14626
14701
14702
14706
14709
14710
14711
14712
14715
14716
14717
14718
14719
14720
14722
14723
14724
14726
14727
14728
14729
14730
14731
14732
14733
14735
14736
14737
14738
14739
14740
14741
14743
14744
14747
14748
14750
14752
14753
14755
14756
14757
14760
14767
14770
14772
14774
14775
14778
14779
14781
14782
14783
14785
14786
14787
14801
14802
14803
14804
14805
14806
14807
14808
14809
14810
14812
14813
14814
14815
14817
14818
14820
14821
14822
14823
14824
14825
14826
14830
14831
14836
14837
14838
14839
14840
14841
14842
14843
14844
14845
14846
14847
14850
14852
14853
14855
14858
14860
14864
14865
14867
14869
14870
14871
14873
14878
14879
14880
14882
14883
14884
14885
14886
14887
14889
14891
14892
14893
14894
14895
14897
14898
14901
14903
14904
14905
17401
